[gd_scene load_steps=22 format=3 uid="uid://cc0cwcavpmmge"]

[ext_resource type="Script" uid="uid://ddq2w3ucuk6cy" path="res://scripts/levels/level.gd" id="1_hldbq"]
[ext_resource type="PackedScene" uid="uid://0jipqcsji7bb" path="res://scenes/Player.tscn" id="2_fsnos"]
[ext_resource type="PackedScene" uid="uid://bmmchwharvst6" path="res://scenes/restarter.tscn" id="3_mxx4w"]
[ext_resource type="Script" uid="uid://dhtbml4j4ieor" path="res://scripts/doors/doors.gd" id="4_vvoq0"]
[ext_resource type="PackedScene" uid="uid://lp5ibftbl8au" path="res://scenes/doors/Door.tscn" id="5_tqnj0"]
[ext_resource type="PackedScene" uid="uid://bj7dx1rkh453d" path="res://scenes/doors/Backdoor.tscn" id="6_dwyms"]
[ext_resource type="PackedScene" uid="uid://rlgyii1ndy7k" path="res://scenes/ui.tscn" id="7_fsnos"]
[ext_resource type="PackedScene" uid="uid://bo2a5y2tkg25x" path="res://scenes/doors/EndDoor.tscn" id="8_mxx4w"]

[sub_resource type="ProceduralSkyMaterial" id="ProceduralSkyMaterial_hldbq"]
sky_horizon_color = Color(0.662243, 0.671743, 0.686743, 1)
ground_horizon_color = Color(0.662243, 0.671743, 0.686743, 1)

[sub_resource type="Sky" id="Sky_fsnos"]
sky_material = SubResource("ProceduralSkyMaterial_hldbq")

[sub_resource type="Environment" id="Environment_mxx4w"]
background_mode = 2
sky = SubResource("Sky_fsnos")
tonemap_mode = 2
glow_enabled = true

[sub_resource type="BoxMesh" id="BoxMesh_6xwso"]
size = Vector3(50, 1, 20)

[sub_resource type="ConcavePolygonShape3D" id="ConcavePolygonShape3D_hldbq"]
data = PackedVector3Array(-25, 0.5, 10, 25, 0.5, 10, -25, -0.5, 10, 25, 0.5, 10, 25, -0.5, 10, -25, -0.5, 10, 25, 0.5, -10, -25, 0.5, -10, 25, -0.5, -10, -25, 0.5, -10, -25, -0.5, -10, 25, -0.5, -10, 25, 0.5, 10, 25, 0.5, -10, 25, -0.5, 10, 25, 0.5, -10, 25, -0.5, -10, 25, -0.5, 10, -25, 0.5, -10, -25, 0.5, 10, -25, -0.5, -10, -25, 0.5, 10, -25, -0.5, 10, -25, -0.5, -10, 25, 0.5, 10, -25, 0.5, 10, 25, 0.5, -10, -25, 0.5, 10, -25, 0.5, -10, 25, 0.5, -10, -25, -0.5, 10, 25, -0.5, 10, -25, -0.5, -10, 25, -0.5, 10, 25, -0.5, -10, -25, -0.5, -10)

[sub_resource type="PrismMesh" id="PrismMesh_fsnos"]
left_to_right = 0.0
size = Vector3(3, 3, 3)

[sub_resource type="ConvexPolygonShape3D" id="ConvexPolygonShape3D_mxx4w"]
points = PackedVector3Array(-1.5, 1.5, 1.5, 1.5, -1.5, 1.5, -1.5, 1.5, -1.5, -1.5, -1.5, 1.5, 1.5, -1.5, -1.5, -1.5, -1.5, -1.5)

[sub_resource type="ConvexPolygonShape3D" id="ConvexPolygonShape3D_vvoq0"]
points = PackedVector3Array(-1.5, 1.5, 1.5, 1.5, -1.5, 1.5, -1.5, 1.5, -1.5, -1.5, -1.5, 1.5, 1.5, -1.5, -1.5, -1.5, -1.5, -1.5)

[sub_resource type="ConvexPolygonShape3D" id="ConvexPolygonShape3D_tqnj0"]
points = PackedVector3Array(-1.5, 1.5, 1.5, 1.5, -1.5, 1.5, -1.5, 1.5, -1.5, -1.5, -1.5, 1.5, 1.5, -1.5, -1.5, -1.5, -1.5, -1.5)

[sub_resource type="BoxMesh" id="BoxMesh_dwyms"]
size = Vector3(5, 3, 5)

[sub_resource type="ConcavePolygonShape3D" id="ConcavePolygonShape3D_6xwso"]
data = PackedVector3Array(-2.5, 1.5, 2.5, 2.5, 1.5, 2.5, -2.5, -1.5, 2.5, 2.5, 1.5, 2.5, 2.5, -1.5, 2.5, -2.5, -1.5, 2.5, 2.5, 1.5, -2.5, -2.5, 1.5, -2.5, 2.5, -1.5, -2.5, -2.5, 1.5, -2.5, -2.5, -1.5, -2.5, 2.5, -1.5, -2.5, 2.5, 1.5, 2.5, 2.5, 1.5, -2.5, 2.5, -1.5, 2.5, 2.5, 1.5, -2.5, 2.5, -1.5, -2.5, 2.5, -1.5, 2.5, -2.5, 1.5, -2.5, -2.5, 1.5, 2.5, -2.5, -1.5, -2.5, -2.5, 1.5, 2.5, -2.5, -1.5, 2.5, -2.5, -1.5, -2.5, 2.5, 1.5, 2.5, -2.5, 1.5, 2.5, 2.5, 1.5, -2.5, -2.5, 1.5, 2.5, -2.5, 1.5, -2.5, 2.5, 1.5, -2.5, -2.5, -1.5, 2.5, 2.5, -1.5, 2.5, -2.5, -1.5, -2.5, 2.5, -1.5, 2.5, 2.5, -1.5, -2.5, -2.5, -1.5, -2.5)

[sub_resource type="ConcavePolygonShape3D" id="ConcavePolygonShape3D_5ke18"]
data = PackedVector3Array(-2.5, 1.5, 2.5, 2.5, 1.5, 2.5, -2.5, -1.5, 2.5, 2.5, 1.5, 2.5, 2.5, -1.5, 2.5, -2.5, -1.5, 2.5, 2.5, 1.5, -2.5, -2.5, 1.5, -2.5, 2.5, -1.5, -2.5, -2.5, 1.5, -2.5, -2.5, -1.5, -2.5, 2.5, -1.5, -2.5, 2.5, 1.5, 2.5, 2.5, 1.5, -2.5, 2.5, -1.5, 2.5, 2.5, 1.5, -2.5, 2.5, -1.5, -2.5, 2.5, -1.5, 2.5, -2.5, 1.5, -2.5, -2.5, 1.5, 2.5, -2.5, -1.5, -2.5, -2.5, 1.5, 2.5, -2.5, -1.5, 2.5, -2.5, -1.5, -2.5, 2.5, 1.5, 2.5, -2.5, 1.5, 2.5, 2.5, 1.5, -2.5, -2.5, 1.5, 2.5, -2.5, 1.5, -2.5, 2.5, 1.5, -2.5, -2.5, -1.5, 2.5, 2.5, -1.5, 2.5, -2.5, -1.5, -2.5, 2.5, -1.5, 2.5, 2.5, -1.5, -2.5, -2.5, -1.5, -2.5)

[sub_resource type="ConcavePolygonShape3D" id="ConcavePolygonShape3D_j14br"]
data = PackedVector3Array(-2.5, 1.5, 2.5, 2.5, 1.5, 2.5, -2.5, -1.5, 2.5, 2.5, 1.5, 2.5, 2.5, -1.5, 2.5, -2.5, -1.5, 2.5, 2.5, 1.5, -2.5, -2.5, 1.5, -2.5, 2.5, -1.5, -2.5, -2.5, 1.5, -2.5, -2.5, -1.5, -2.5, 2.5, -1.5, -2.5, 2.5, 1.5, 2.5, 2.5, 1.5, -2.5, 2.5, -1.5, 2.5, 2.5, 1.5, -2.5, 2.5, -1.5, -2.5, 2.5, -1.5, 2.5, -2.5, 1.5, -2.5, -2.5, 1.5, 2.5, -2.5, -1.5, -2.5, -2.5, 1.5, 2.5, -2.5, -1.5, 2.5, -2.5, -1.5, -2.5, 2.5, 1.5, 2.5, -2.5, 1.5, 2.5, 2.5, 1.5, -2.5, -2.5, 1.5, 2.5, -2.5, 1.5, -2.5, 2.5, 1.5, -2.5, -2.5, -1.5, 2.5, 2.5, -1.5, 2.5, -2.5, -1.5, -2.5, 2.5, -1.5, 2.5, 2.5, -1.5, -2.5, -2.5, -1.5, -2.5)

[node name="Level 5" type="Node3D" node_paths=PackedStringArray("doors_node", "backdoor_node")]
script = ExtResource("1_hldbq")
doors_node = NodePath("Doors")
backdoor_node = NodePath("Backdoor")

[node name="WorldEnvironment" type="WorldEnvironment" parent="."]
environment = SubResource("Environment_mxx4w")

[node name="DirectionalLight3D" type="DirectionalLight3D" parent="."]
transform = Transform3D(-0.866023, -0.433016, 0.250001, 0, 0.499998, 0.866027, -0.500003, 0.749999, -0.43301, 0, 0, 0)
shadow_enabled = true

[node name="Player" parent="." node_paths=PackedStringArray("UI") instance=ExtResource("2_fsnos")]
transform = Transform3D(-5.96046e-08, 0, -1, 0, 1, 0, 1, 0, -5.96046e-08, 0, 4, 0)
UI = NodePath("../CanvasLayer/UI")

[node name="Ground" type="Node3D" parent="."]

[node name="Floor" type="MeshInstance3D" parent="Ground"]
mesh = SubResource("BoxMesh_6xwso")

[node name="StaticBody3D" type="StaticBody3D" parent="Ground/Floor"]

[node name="CollisionShape3D" type="CollisionShape3D" parent="Ground/Floor/StaticBody3D"]
shape = SubResource("ConcavePolygonShape3D_hldbq")

[node name="Door 3 Slope" type="MeshInstance3D" parent="Ground" groups=["removed_end"]]
transform = Transform3D(-1, 0, 8.74228e-08, 0, 1, 0, -8.74228e-08, 0, -1, 9, 2, -6)
mesh = SubResource("PrismMesh_fsnos")
skeleton = NodePath("../Door 3 Platform")

[node name="StaticBody3D" type="StaticBody3D" parent="Ground/Door 3 Slope"]

[node name="CollisionShape3D" type="CollisionShape3D" parent="Ground/Door 3 Slope/StaticBody3D"]
shape = SubResource("ConvexPolygonShape3D_mxx4w")

[node name="Door 1 Slope" type="MeshInstance3D" parent="Ground" groups=["removed_end"]]
transform = Transform3D(-1, 0, 8.74228e-08, 0, 1, 0, -8.74228e-08, 0, -1, 9, 2, 6)
mesh = SubResource("PrismMesh_fsnos")
skeleton = NodePath("../Door 3 Platform")

[node name="StaticBody3D" type="StaticBody3D" parent="Ground/Door 1 Slope"]

[node name="CollisionShape3D" type="CollisionShape3D" parent="Ground/Door 1 Slope/StaticBody3D"]
shape = SubResource("ConvexPolygonShape3D_vvoq0")

[node name="Door 2 Slope" type="MeshInstance3D" parent="Ground" groups=["removed_end"]]
transform = Transform3D(-1, 0, 8.74228e-08, 0, 1, 0, -8.74228e-08, 0, -1, 16, 2, 0)
mesh = SubResource("PrismMesh_fsnos")
skeleton = NodePath("../Door 3 Platform")

[node name="StaticBody3D" type="StaticBody3D" parent="Ground/Door 2 Slope"]

[node name="CollisionShape3D" type="CollisionShape3D" parent="Ground/Door 2 Slope/StaticBody3D"]
shape = SubResource("ConvexPolygonShape3D_tqnj0")

[node name="Door 2 Platform" type="MeshInstance3D" parent="Ground" groups=["removed_end"]]
transform = Transform3D(1, 0, 0, 0, 1, 0, 0, 0, 1, 20, 2, 0)
mesh = SubResource("BoxMesh_dwyms")

[node name="StaticBody3D" type="StaticBody3D" parent="Ground/Door 2 Platform"]

[node name="CollisionShape3D" type="CollisionShape3D" parent="Ground/Door 2 Platform/StaticBody3D"]
shape = SubResource("ConcavePolygonShape3D_6xwso")

[node name="Door 1 Platform" type="MeshInstance3D" parent="Ground" groups=["removed_end"]]
transform = Transform3D(1, 0, 0, 0, 1, 0, 0, 0, 1, 13, 2, 6)
mesh = SubResource("BoxMesh_dwyms")

[node name="StaticBody3D" type="StaticBody3D" parent="Ground/Door 1 Platform"]

[node name="CollisionShape3D" type="CollisionShape3D" parent="Ground/Door 1 Platform/StaticBody3D"]
shape = SubResource("ConcavePolygonShape3D_5ke18")

[node name="Door 3 Platform" type="MeshInstance3D" parent="Ground" groups=["removed_end"]]
transform = Transform3D(1, 0, 0, 0, 1, 0, 0, 0, 1, 13, 2, -6)
mesh = SubResource("BoxMesh_dwyms")

[node name="StaticBody3D" type="StaticBody3D" parent="Ground/Door 3 Platform"]

[node name="CollisionShape3D" type="CollisionShape3D" parent="Ground/Door 3 Platform/StaticBody3D"]
shape = SubResource("ConcavePolygonShape3D_j14br")

[node name="Objects" type="Node3D" parent="." groups=["removed_end"]]
transform = Transform3D(0.258819, 0, 0.965926, 0, 1, 0, -0.965926, 0, 0.258819, -9, 2, 0)

[node name="Floating Object" type="Node3D" parent="Objects"]
transform = Transform3D(1, 0, 0, 0, 1, 0, 0, 0, 1, 21.2504, 0, -5.69402)

[node name="Door 1 Slope2" type="MeshInstance3D" parent="Objects/Floating Object"]
transform = Transform3D(-0.726727, -0.683013, -0.0732233, -0.683013, 0.707107, 0.183013, -0.0732233, 0.183013, -0.98038, -1.21734, -1.36603, 0.455523)
mesh = SubResource("PrismMesh_fsnos")
skeleton = NodePath("../Door 3 Platform")

[node name="Door 1 Platform2" type="MeshInstance3D" parent="Objects/Floating Object"]
transform = Transform3D(0.726726, -0.683013, 0.0732233, 0.683013, 0.707107, -0.183013, 0.0732233, 0.183013, 0.98038, 1.68957, 1.36603, 0.748412)
mesh = SubResource("BoxMesh_dwyms")
skeleton = NodePath("../../root/@EditorNode@21281/@Panel@14/@VBoxContainer@15/DockHSplitLeftL/DockHSplitLeftR/DockHSplitMain/@VBoxContainer@26/DockVSplitCenter/@VSplitContainer@54/@VBoxContainer@55/@EditorMainScreen@102/MainScreen/@CanvasItemEditor@11491/@VSplitContainer@11143/@HSplitContainer@11145/@HSplitContainer@11147/@Control@11148/@SubViewportContainer@11149/@SubViewport@11150/Level 5/Objects")

[node name="Floating Object2" type="Node3D" parent="Objects"]
transform = Transform3D(0.95035, 0.25, -0.185295, -0.25, 0.258819, -0.933013, -0.185295, 0.933013, 0.308469, 26.9444, 0, 15.5563)

[node name="Door 1 Slope2" type="MeshInstance3D" parent="Objects/Floating Object2"]
transform = Transform3D(-0.726727, -0.683013, -0.0732233, -0.683013, 0.707107, 0.183013, -0.0732233, 0.183013, -0.98038, -1.21734, -1.36603, 0.455523)
mesh = SubResource("PrismMesh_fsnos")
skeleton = NodePath("../Door 3 Platform")

[node name="Door 1 Platform2" type="MeshInstance3D" parent="Objects/Floating Object2"]
transform = Transform3D(0.726726, -0.683013, 0.0732233, 0.683013, 0.707107, -0.183013, 0.0732233, 0.183013, 0.98038, 1.68957, 1.36603, 0.748412)
mesh = SubResource("BoxMesh_dwyms")
skeleton = NodePath("../../root/@EditorNode@21281/@Panel@14/@VBoxContainer@15/DockHSplitLeftL/DockHSplitLeftR/DockHSplitMain/@VBoxContainer@26/DockVSplitCenter/@VSplitContainer@54/@VBoxContainer@55/@EditorMainScreen@102/MainScreen/@CanvasItemEditor@11491/@VSplitContainer@11143/@HSplitContainer@11145/@HSplitContainer@11147/@Control@11148/@SubViewportContainer@11149/@SubViewport@11150/Level 5/Objects")

[node name="Floating Object3" type="Node3D" parent="Objects"]
transform = Transform3D(0.95035, 0.25, -0.185295, -0.25, 0.258819, -0.933013, -0.185295, 0.933012, 0.308469, 11.4896, 12, 19.6974)

[node name="Door 1 Slope2" type="MeshInstance3D" parent="Objects/Floating Object3"]
transform = Transform3D(-0.726727, -0.683013, -0.0732233, -0.683013, 0.707107, 0.183013, -0.0732233, 0.183013, -0.98038, -1.21734, -1.36603, 0.455523)
mesh = SubResource("PrismMesh_fsnos")
skeleton = NodePath("../Door 3 Platform")

[node name="Door 1 Platform2" type="MeshInstance3D" parent="Objects/Floating Object3"]
transform = Transform3D(0.726726, -0.683013, 0.0732233, 0.683013, 0.707107, -0.183013, 0.0732233, 0.183013, 0.98038, 1.68957, 1.36603, 0.748412)
mesh = SubResource("BoxMesh_dwyms")
skeleton = NodePath("../../root/@EditorNode@21281/@Panel@14/@VBoxContainer@15/DockHSplitLeftL/DockHSplitLeftR/DockHSplitMain/@VBoxContainer@26/DockVSplitCenter/@VSplitContainer@54/@VBoxContainer@55/@EditorMainScreen@102/MainScreen/@CanvasItemEditor@11491/@VSplitContainer@11143/@HSplitContainer@11145/@HSplitContainer@11147/@Control@11148/@SubViewportContainer@11149/@SubViewport@11150/Level 5/Objects")

[node name="Floating Object4" type="Node3D" parent="Objects"]
transform = Transform3D(0.966506, -0.224144, -0.125, 0.224144, 0.5, 0.836516, -0.125, -0.836516, 0.533494, 3.46618, 7, -10.2463)

[node name="Door 1 Slope2" type="MeshInstance3D" parent="Objects/Floating Object4"]
transform = Transform3D(-0.726727, -0.683013, -0.0732233, -0.683013, 0.707107, 0.183013, -0.0732233, 0.183013, -0.98038, -1.21734, -1.36603, 0.455523)
mesh = SubResource("PrismMesh_fsnos")
skeleton = NodePath("../Door 3 Platform")

[node name="Door 1 Platform2" type="MeshInstance3D" parent="Objects/Floating Object4"]
transform = Transform3D(0.726726, -0.683013, 0.0732233, 0.683013, 0.707107, -0.183013, 0.0732233, 0.183013, 0.98038, 1.68957, 1.36603, 0.748412)
mesh = SubResource("BoxMesh_dwyms")
skeleton = NodePath("../../root/@EditorNode@21281/@Panel@14/@VBoxContainer@15/DockHSplitLeftL/DockHSplitLeftR/DockHSplitMain/@VBoxContainer@26/DockVSplitCenter/@VSplitContainer@54/@VBoxContainer@55/@EditorMainScreen@102/MainScreen/@CanvasItemEditor@11491/@VSplitContainer@11143/@HSplitContainer@11145/@HSplitContainer@11147/@Control@11148/@SubViewportContainer@11149/@SubViewport@11150/Level 5/Objects")

[node name="Floating Object5" type="Node3D" parent="Objects"]
transform = Transform3D(0.00851843, -0.25, -0.968208, -0.0669873, 0.965925, -0.25, 0.997717, 0.0669872, -0.00851843, -7.159, 7, -7.39925)

[node name="Door 1 Slope2" type="MeshInstance3D" parent="Objects/Floating Object5"]
transform = Transform3D(-0.726727, -0.683013, -0.0732233, -0.683013, 0.707107, 0.183013, -0.0732233, 0.183013, -0.98038, -1.21734, -1.36603, 0.455523)
mesh = SubResource("PrismMesh_fsnos")
skeleton = NodePath("../Door 3 Platform")

[node name="Door 1 Platform2" type="MeshInstance3D" parent="Objects/Floating Object5"]
transform = Transform3D(0.726726, -0.683013, 0.0732233, 0.683013, 0.707107, -0.183013, 0.0732233, 0.183013, 0.98038, 1.68957, 1.36603, 0.748412)
mesh = SubResource("BoxMesh_dwyms")
skeleton = NodePath("../../root/@EditorNode@21281/@Panel@14/@VBoxContainer@15/DockHSplitLeftL/DockHSplitLeftR/DockHSplitMain/@VBoxContainer@26/DockVSplitCenter/@VSplitContainer@54/@VBoxContainer@55/@EditorMainScreen@102/MainScreen/@CanvasItemEditor@11491/@VSplitContainer@11143/@HSplitContainer@11145/@HSplitContainer@11147/@Control@11148/@SubViewportContainer@11149/@SubViewport@11150/Level 5/Objects")

[node name="Floating Object6" type="Node3D" parent="Objects"]
transform = Transform3D(0.00851841, -0.25, -0.968208, -0.0669873, 0.965925, -0.25, 0.997716, 0.0669872, -0.00851841, -12.349, 4, 15.7322)

[node name="Door 1 Slope2" type="MeshInstance3D" parent="Objects/Floating Object6"]
transform = Transform3D(-0.726727, -0.683013, -0.0732233, -0.683013, 0.707107, 0.183013, -0.0732233, 0.183013, -0.98038, -1.21734, -1.36603, 0.455523)
mesh = SubResource("PrismMesh_fsnos")
skeleton = NodePath("../Door 3 Platform")

[node name="Door 1 Platform2" type="MeshInstance3D" parent="Objects/Floating Object6"]
transform = Transform3D(0.726726, -0.683013, 0.0732233, 0.683013, 0.707107, -0.183013, 0.0732233, 0.183013, 0.98038, 1.68957, 1.36603, 0.748412)
mesh = SubResource("BoxMesh_dwyms")
skeleton = NodePath("../../root/@EditorNode@21281/@Panel@14/@VBoxContainer@15/DockHSplitLeftL/DockHSplitLeftR/DockHSplitMain/@VBoxContainer@26/DockVSplitCenter/@VSplitContainer@54/@VBoxContainer@55/@EditorMainScreen@102/MainScreen/@CanvasItemEditor@11491/@VSplitContainer@11143/@HSplitContainer@11145/@HSplitContainer@11147/@Control@11148/@SubViewportContainer@11149/@SubViewport@11150/Level 5/Objects")

[node name="Floating Object7" type="Node3D" parent="Objects"]
transform = Transform3D(-0.997716, -0.0669872, 0.00851835, -0.0669873, 0.965925, -0.25, 0.00851838, -0.25, -0.968208, -14.4195, -4, 8.00479)

[node name="Door 1 Slope2" type="MeshInstance3D" parent="Objects/Floating Object7"]
transform = Transform3D(-0.726727, -0.683013, -0.0732233, -0.683013, 0.707107, 0.183013, -0.0732233, 0.183013, -0.98038, -1.21734, -1.36603, 0.455523)
mesh = SubResource("PrismMesh_fsnos")
skeleton = NodePath("../Door 3 Platform")

[node name="Door 1 Platform2" type="MeshInstance3D" parent="Objects/Floating Object7"]
transform = Transform3D(0.726726, -0.683013, 0.0732233, 0.683013, 0.707107, -0.183013, 0.0732233, 0.183013, 0.98038, 1.68957, 1.36603, 0.748412)
mesh = SubResource("BoxMesh_dwyms")
skeleton = NodePath("../../root/@EditorNode@21281/@Panel@14/@VBoxContainer@15/DockHSplitLeftL/DockHSplitLeftR/DockHSplitMain/@VBoxContainer@26/DockVSplitCenter/@VSplitContainer@54/@VBoxContainer@55/@EditorMainScreen@102/MainScreen/@CanvasItemEditor@11491/@VSplitContainer@11143/@HSplitContainer@11145/@HSplitContainer@11147/@Control@11148/@SubViewportContainer@11149/@SubViewport@11150/Level 5/Objects")

[node name="Floating Object8" type="Node3D" parent="Objects"]
transform = Transform3D(-0.997716, -0.0669872, 0.00851832, -0.0669873, 0.965925, -0.25, 0.00851835, -0.25, -0.968207, 5.07485, 0, 42.1218)

[node name="Door 1 Slope2" type="MeshInstance3D" parent="Objects/Floating Object8"]
transform = Transform3D(-0.726727, -0.683013, -0.0732233, -0.683013, 0.707107, 0.183013, -0.0732233, 0.183013, -0.98038, -1.21734, -1.36603, 0.455523)
mesh = SubResource("PrismMesh_fsnos")
skeleton = NodePath("../Door 3 Platform")

[node name="Door 1 Platform2" type="MeshInstance3D" parent="Objects/Floating Object8"]
transform = Transform3D(0.726726, -0.683013, 0.0732233, 0.683013, 0.707107, -0.183013, 0.0732233, 0.183013, 0.98038, 1.68957, 1.36603, 0.748412)
mesh = SubResource("BoxMesh_dwyms")
skeleton = NodePath("../../root/@EditorNode@21281/@Panel@14/@VBoxContainer@15/DockHSplitLeftL/DockHSplitLeftR/DockHSplitMain/@VBoxContainer@26/DockVSplitCenter/@VSplitContainer@54/@VBoxContainer@55/@EditorMainScreen@102/MainScreen/@CanvasItemEditor@11491/@VSplitContainer@11143/@HSplitContainer@11145/@HSplitContainer@11147/@Control@11148/@SubViewportContainer@11149/@SubViewport@11150/Level 5/Objects")

[node name="Restarter" parent="." instance=ExtResource("3_mxx4w")]
transform = Transform3D(1, 0, 0, 0, 1, 0, 0, 0, 1, 0, -5, 0)

[node name="Doors" type="Node3D" parent="."]
script = ExtResource("4_vvoq0")

[node name="Position 1" type="Node3D" parent="Doors"]
transform = Transform3D(-0.707107, 0, -0.707107, 0, 1, 0, 0.707107, 0, -0.707107, 13, 5.5, 6)
rotation_edit_mode = 2

[node name="Door" parent="Doors/Position 1" instance=ExtResource("5_tqnj0")]

[node name="Position 2" type="Node3D" parent="Doors"]
transform = Transform3D(-4.37114e-08, 0, -1, 0, 1, 0, 1, 0, -4.37114e-08, 20, 5, 0)

[node name="Door2" parent="Doors/Position 2" instance=ExtResource("5_tqnj0")]

[node name="Position 3" type="Node3D" parent="Doors"]
transform = Transform3D(0.707107, 0, -0.707107, 0, 1, 0, 0.707107, 0, 0.707107, 13, 5.5, -7)

[node name="Door3" parent="Doors/Position 3" instance=ExtResource("5_tqnj0")]

[node name="Backdoor" parent="." instance=ExtResource("6_dwyms")]
transform = Transform3D(-4.47035e-08, 0, 1, 0, 1, 0, -1, 0, -4.47035e-08, -9, 2.5, 0)

[node name="CanvasLayer" type="CanvasLayer" parent="."]
layer = 0
follow_viewport_enabled = true

[node name="UI" parent="CanvasLayer" instance=ExtResource("7_fsnos")]
metadata/_edit_use_anchors_ = true

[node name="End Door" parent="." groups=["removed_game"] instance=ExtResource("8_mxx4w")]
transform = Transform3D(-4.37114e-08, 0, -1, 0, 1, 0, 1, 0, -4.37114e-08, 8, 2.5, 0)
